Date,F_EUR/USD,F_GBP/USD,F_AUD/USD,F_USD/CAD,F_NZD/USD,F_USD/JPY
2015-08-28,1.125,1.5407,0.7165,1.31804402267,0.6469,82.57
2015-08-31,1.1181,1.5403,0.7159,1.32345156167,0.6458,82.255
2015-09-01,1.121,1.5343,0.7109,1.32205182443,0.6337,82.485
2015-09-02,1.1312,1.5302,0.7012,1.32310134956,0.6336,83.765
2015-09-03,1.1226,1.5302,0.7036,1.3201320132,0.6351,83.09
2015-09-04,1.112,1.5253,0.7008,1.32275132275,0.6385,83.275
2015-09-08,1.116,1.5178,0.6911,1.32978723404,0.6283,84.085
2015-09-09,1.1204,1.5394,0.7019,1.32030631106,0.6335,83.425
2015-09-10,1.1213,1.536,0.6986,1.32749236692,0.6291,83.075
2015-09-11,1.1278,1.545,0.7074,1.32625994695,0.6297,82.86
2015-09-14,1.1338,1.5421,0.7053,1.32731616671,0.6276,83.075
2015-09-15,1.1333,1.5419,0.7101,1.32450331126,0.6291,83.305
2015-09-16,1.1282,1.5334,0.7105,1.31839156229,0.6309,83.175
2015-09-17,1.1307,1.5488,0.716,1.30821559393,0.6329,83.075
2015-09-18,1.1433,1.5578,0.7137,1.30463144162,0.6312,83.33
2015-09-21,1.1304,1.5518,0.715,1.32450331126,0.6351,83.395
2015-09-22,1.1205,1.5501,0.71,1.32872707946,0.6277,83.105
2015-09-23,1.114,1.5354,0.7053,1.33333333333,0.6249,83.385
2015-09-24,1.1201,1.5242,0.6974,1.33493525564,0.6233,83.31
2015-09-25,1.1192,1.5217,0.6958,1.33209004929,0.6287,83.295
2015-09-28,1.1206,1.5199,0.6995,1.3361838589,0.6342,83.08
2015-09-29,1.1256,1.5164,0.6954,1.34372480516,0.6283,83.48
2015-09-30,1.1263,1.5147,0.6962,1.34138162307,0.6314,83.565
2015-10-01,1.1185,1.5121,0.6992,1.32538104705,0.6369,83.49
2015-10-02,1.12,1.5125,0.7005,1.32450331126,0.6366,83.475
2015-10-05,1.1228,1.5172,0.7029,1.31319763624,0.6424,83.415
2015-10-06,1.1197,1.5141,0.7057,1.30565347957,0.6456,83.095
2015-10-07,1.128,1.5228,0.7138,1.2987012987,0.651,83.27
2015-10-08,1.125,1.5311,0.718,1.30718954248,0.6582,83.41
2015-10-09,1.129,1.5342,0.7233,1.29617627997,0.6633,83.465
2015-10-12,1.1373,1.5312,0.73,1.2976901116,0.666,83.25
2015-10-13,1.1367,1.5337,0.7339,1.30753138075,0.669,83.375
2015-10-14,1.1393,1.5244,0.7191,1.30157490564,0.6601,83.555
2015-10-15,1.1492,1.5478,0.7284,1.28865979381,0.6773,84.265
2015-10-16,1.1389,1.5462,0.7313,1.29032258065,0.684,84.185
2015-10-19,1.1369,1.5434,0.7243,1.2987012987,0.6779,83.875
2015-10-20,1.1339,1.5455,0.723,1.30548302872,0.6768,83.735
2015-10-21,1.1355,1.5438,0.7242,1.29920748344,0.6722,83.46
2015-10-22,1.1347,1.541,0.7193,1.31147540984,0.6688,83.435
2015-10-23,1.1113,1.5386,0.7193,1.30941469163,0.6765,82.885
2015-10-26,1.1013,1.5304,0.7193,1.31561636627,0.6727,82.37
2015-10-27,1.106,1.5344,0.7226,1.32608407373,0.6755,82.67
2015-10-28,1.1051,1.53,0.7182,1.32749236692,0.6744,83.09
2015-10-29,1.0932,1.5262,0.7086,1.31682907559,0.6662,82.6
2015-10-30,1.0992,1.5307,0.7063,1.31752305665,0.6677,82.63
2015-11-02,1.1037,1.5448,0.7114,1.30958617077,0.6746,83.02
2015-11-03,1.1018,1.5412,0.7127,1.31216375804,0.6723,82.845
2015-11-04,1.0967,1.5417,0.7166,1.31095962244,0.6639,82.63
2015-11-05,1.0872,1.5383,0.7126,1.31561636627,0.6574,82.29
2015-11-06,1.0887,1.5205,0.7132,1.32327643245,0.6595,82.195
2015-11-09,1.0735,1.505,0.7019,1.33031794599,0.6506,81.11
2015-11-10,1.0758,1.511,0.703,1.32749236692,0.6519,81.26
2015-11-11,1.0727,1.5117,0.7015,1.32749236692,0.6519,81.185
2015-11-12,1.0761,1.5213,0.7057,1.32925694537,0.6548,81.445
2015-11-13,1.0809,1.5226,0.7111,1.33155792277,0.653,81.545
2015-11-16,1.074,1.5222,0.7109,1.33457894034,0.6524,81.73
2015-11-17,1.0687,1.5197,0.7082,1.33155792277,0.6476,81.16
2015-11-18,1.0648,1.5212,0.71,1.33493525564,0.6468,81.03
2015-11-20,1.0731,1.5286,0.7181,1.33440085402,0.6553,81.36
2015-11-23,1.0644,1.5184,0.7222,1.34048257373,0.6551,81.405
2015-11-24,1.0636,1.5121,0.7187,1.33315557926,0.6507,81.385
2015-11-30,1.0592,1.5034,0.7185,1.33440085402,0.6528,81.455
2015-12-01,1.0572,1.5061,0.7222,1.33493525564,0.6584,81.22
2015-12-07,1.0875,1.5106,0.7333,1.33868808568,0.6726,81.175
2015-12-11,1.0943,1.5157,0.7263,1.365001365,0.6741,82.205
2015-12-14,1.0969,1.5196,0.715,1.37532664008,0.6674,82.815
2015-12-21,1.0887,1.4905,0.714,1.39101404924,0.6691,82.58
2015-12-22,1.0938,1.4889,0.7156,1.39275766017,0.673,82.665
2015-12-28,1.0986,1.4925,0.7251,1.38753989177,0.6813,83.325
2015-12-30,1.0945,1.4816,0.7264,1.38121546961,0.6838,83.125
2015-12-31,1.0948,1.4808,0.7249,1.38083402375,0.6804,83.12
2016-01-04,1.0884,1.4736,0.7269,1.39470013947,0.6798,83.28
2016-01-05,1.0849,1.4719,0.7157,1.39547864918,0.6723,83.915
2016-01-07,1.0796,1.4632,0.704,1.41043723554,0.6606,84.485
2016-01-08,1.0941,1.4627,0.6996,1.40825235882,0.6604,85.11
2016-01-11,1.096,1.4509,0.6916,1.41462724572,0.6497,85.695
2016-01-12,1.08785,1.4432,0.6971,1.42409569923,0.6535,85.05
2016-01-15,1.088,1.4418,0.6965,1.44717800289,0.6455,84.735
2016-01-19,1.093,1.4261,0.6839,1.45454545455,0.6412,85.6
2016-01-20,1.09285,1.4165,0.6889,1.46113383986,0.6378,85.115
2016-01-21,1.0904,1.4186,0.6897,1.44466917076,0.6419,85.59
2016-01-25,1.08075,1.4269,0.6988,1.4164305949,0.6451,84.27
2016-01-26,1.08625,1.4242,0.693,1.43000143,0.6434,84.585
2016-01-28,1.09145,1.4243,0.7012,1.40154169587,0.6417,84.38
2016-01-29,1.09495,1.436,0.7071,1.40508641281,0.6459,84.245
2016-02-01,1.0841,1.424,0.7053,1.40154169587,0.6451,82.425
2016-02-02,1.0898,1.4422,0.7035,1.40350877193,0.652,82.69
2016-02-03,1.09355,1.4601,0.7014,1.39762403913,0.6508,83.565
2016-02-08,1.1157,1.4499,0.7065,1.38753989177,0.6608,85.585
2016-02-10,1.12965,1.4471,0.7063,1.38888888889,0.6622,86.955
2016-02-12,1.1324,1.4482,0.7115,1.38888888889,0.672,88.94
2016-02-16,1.1252,1.4502,0.7099,1.37931034483,0.6617,88.155
2016-02-17,1.1148,1.4307,0.7103,1.38580931264,0.6569,87.62
2016-02-18,1.11355,1.4289,0.7167,1.36518771331,0.6619,87.69
2016-02-19,1.11165,1.4332,0.7146,1.37457044674,0.663,88.29
2016-02-22,1.1122,1.4294,0.7137,1.3698630137,0.6623,88.83
2016-02-23,1.10325,1.4151,0.7221,1.37211855104,0.6692,88.6
2016-02-24,1.10245,1.4026,0.7183,1.38121546961,0.663,89.32
2016-02-25,1.10215,1.3931,0.7185,1.36612021858,0.665,89.265
2016-02-26,1.1024,1.3956,0.7219,1.35446295544,0.6718,88.61
2016-02-29,1.0923,1.386,0.7117,1.34770889488,0.6589,87.965
2016-03-01,1.08865,1.3923,0.7142,1.3520822066,0.6608,88.99
2016-03-02,1.08715,1.3954,0.7174,1.34120171674,0.663,87.705
2016-03-03,1.087,1.4081,0.7284,1.34048257373,0.6664,88.06
2016-03-04,1.09535,1.4173,0.7347,1.34156157768,0.6717,87.965
2016-03-07,1.09955,1.4224,0.7421,1.33297787257,0.6802,87.85
2016-03-08,1.1018,1.4261,0.7463,1.32837407014,0.679,88.225
2016-03-09,1.1008,1.4211,0.7424,1.32925694537,0.6733,88.775
2016-03-10,1.09985,1.4214,0.7472,1.32661183338,0.6634,88.245
2016-03-11,1.118,1.4284,0.7454,1.33031794599,0.6658,88.38
2016-03-14,1.1146,1.4381,0.752,1.32310134956,0.6702,87.99
2016-03-15,1.1134,1.4305,0.748,1.33155792277,0.6636,88.11
2016-03-16,1.1136,1.4157,0.743,1.33547008547,0.6577,88.58
2016-03-17,1.12435,1.4257,0.753,1.31061598952,0.6728,88.965
2016-03-18,1.1344,1.4484,0.7611,1.29785853342,0.681,89.975
2016-03-21,1.12975,1.4463,0.7567,1.30565347957,0.6761,89.875
2016-03-22,1.12685,1.4371,0.7551,1.30616509927,0.6741,89.555
2016-03-23,1.1242,1.4217,0.7587,1.31769666623,0.6724,89.22
2016-03-24,1.1208,1.412,0.7508,1.32415254237,0.6682,89.185
2016-03-28,1.1186,1.414,0.7489,1.31926121372,0.666,88.495
2016-03-29,1.12225,1.4258,0.7514,1.31423314496,0.6697,88.38
2016-03-30,1.1317,1.4392,0.7607,1.29651238169,0.684,88.925
2016-03-31,1.136,1.4381,0.7645,1.29165590287,0.6889,89.12
2016-04-01,1.14045,1.4367,0.7639,1.29701686122,0.6892,89.045
2016-04-04,1.142,1.4224,0.7651,1.30327121074,0.687,89.77
2016-04-05,1.1414,1.4271,0.758,1.31752305665,0.6808,89.995
2016-04-06,1.1406,1.416,0.752,1.31010087777,0.6781,90.79
2016-04-07,1.1417,1.4125,0.7577,1.31613582522,0.68,91.265
2016-04-08,1.1394,1.4057,0.7484,1.30293159609,0.6757,92.49
2016-04-11,1.143,1.4125,0.7526,1.29115558425,0.679,92.71
2016-04-12,1.1426,1.4237,0.7574,1.29032258065,0.6831,92.8
2016-04-13,1.1405,1.4266,0.7661,1.27665007022,0.6899,92.235
2016-04-14,1.1295,1.4205,0.7633,1.28155837498,0.69,91.645
2016-04-15,1.12775,1.4152,0.7672,1.28865979381,0.6823,91.535
2016-04-18,1.1313,1.4183,0.7648,1.29466597618,0.6872,92.575
2016-04-19,1.1333,1.4276,0.7732,1.27828198901,0.6939,92.02
2016-04-20,1.1375,1.4397,0.7796,1.26871352449,0.7027,91.655
2016-04-21,1.13165,1.4335,0.7775,1.26358352287,0.6958,91.225
2016-04-22,1.1301,1.4318,0.772,1.26534227509,0.6893,91.485
2016-04-25,1.12405,1.4453,0.7692,1.26662444585,0.6832,89.54
2016-04-26,1.1283,1.4482,0.7697,1.26406269751,0.684,90.03
2016-04-27,1.1314,1.4579,0.7731,1.26151129053,0.6887,89.97
2016-04-28,1.13385,1.4536,0.7579,1.25707102451,0.6905,89.81
2016-04-29,1.13655,1.461,0.7613,1.25125125125,0.6946,92.55
2016-05-02,1.14735,1.4599,0.7593,1.25266190655,0.6969,94.1
2016-05-03,1.15425,1.4671,0.7651,1.25313283208,0.7007,94.065
2016-05-04,1.15135,1.4537,0.7469,1.27048659637,0.6901,93.62
2016-05-05,1.14985,1.4502,0.7448,1.28287363695,0.687,93.525
2016-05-06,1.1417,1.4485,0.7454,1.28932439402,0.6868,93.29
2016-05-09,1.141,1.4421,0.7354,1.29182276192,0.6818,93.35
2016-05-10,1.1392,1.4409,0.7305,1.29701686122,0.6757,92.285
2016-05-11,1.1383,1.4446,0.7362,1.29065565307,0.679,91.53
2016-05-12,1.1436,1.4444,0.7366,1.28501670522,0.6805,92.29
2016-05-13,1.1385,1.4446,0.7313,1.28667009779,0.6807,91.79
2016-05-16,1.13115,1.4353,0.7246,1.29015610889,0.6751,92.1
2016-05-17,1.1326,1.4409,0.7283,1.28617363344,0.6776,91.76
2016-05-18,1.13215,1.4462,0.7317,1.29449838188,0.68,91.685
2016-05-19,1.1226,1.4602,0.7217,1.3037809648,0.6726,90.82
2016-05-20,1.1208,1.4604,0.7218,1.30890052356,0.6731,91.0
2016-05-23,1.12235,1.4501,0.7221,1.31578947368,0.6759,90.855
2016-05-24,1.12265,1.4485,0.7217,1.31769666623,0.6753,91.585
2016-05-25,1.1144,1.4627,0.718,1.31130343562,0.6731,90.98
2016-05-26,1.11615,1.4706,0.7188,1.2987012987,0.6716,90.805
2016-05-27,1.1197,1.4671,0.7221,1.30123617437,0.6738,91.145
2016-05-31,1.1118,1.4608,0.7177,1.30718954248,0.6687,90.595
2016-06-01,1.11345,1.4484,0.7228,1.30753138075,0.6761,90.315
2016-06-02,1.11905,1.4412,0.725,1.30975769483,0.6814,91.345
2016-06-03,1.1156,1.4419,0.7226,1.30736043927,0.6803,91.895
2016-06-06,1.13675,1.4481,0.7364,1.29533678756,0.6948,93.84
2016-06-07,1.13595,1.4454,0.7361,1.28139415684,0.6916,92.98
2016-06-08,1.13585,1.4545,0.7455,1.27323656735,0.6971,93.17
2016-06-09,1.13995,1.4509,0.7484,1.26694539465,0.7085,93.54
2016-06-10,1.1316,1.4462,0.7435,1.27226463104,0.7108,93.475
2016-06-13,1.12485,1.423,0.7374,1.27681307457,0.7046,93.655
2016-06-14,1.1326,1.4223,0.7361,1.28139415684,0.7017,94.52
2016-06-15,1.12445,1.4118,0.7322,1.29032258065,0.6949,94.65
2016-06-16,1.1299,1.4203,0.738,1.29954515919,0.7004,94.68
2016-06-17,1.12675,1.4215,0.7347,1.28749839063,0.702,96.165
2016-06-20,1.13535,1.4467,0.74,1.27713920817,0.7043,95.805
2016-06-21,1.1348,1.4689,0.743,1.28040973111,0.7081,96.495
2016-06-22,1.12835,1.4666,0.7429,1.28353228084,0.7095,95.725
2016-06-23,1.1372,1.48,0.7498,1.27567291746,0.714,95.705
2016-06-24,1.145,1.4995,0.7615,1.28865979381,0.7232,94.2
2016-06-27,1.1087,1.3443,0.7413,1.30718954248,0.7064,98.36
2016-06-28,1.10555,1.3236,0.7313,1.3037809648,0.6964,98.395
2016-06-29,1.1113,1.334,0.7367,1.29988301053,0.702,97.62
2016-06-30,1.11535,1.345,0.7424,1.29752173349,0.7084,97.435
2016-07-01,1.11325,1.3302,0.7423,1.28816179312,0.7105,97.055
2016-07-05,1.1165,1.3285,0.7441,1.29466597618,0.7143,97.69
2016-07-06,1.10955,1.3028,0.7442,1.30242250586,0.712,98.535
2016-07-07,1.11265,1.2934,0.7498,1.2931591879,0.7105,98.885
2016-07-08,1.109,1.2923,0.7462,1.30718954248,0.7196,99.465
2016-07-11,1.10795,1.2954,0.7545,1.30327121074,0.7269,99.655
2016-07-12,1.1088,1.301,0.7514,1.30182906984,0.7189,97.51
2016-07-13,1.109,1.3257,0.7603,1.30471655033,0.7269,95.675
2016-07-14,1.1121,1.3143,0.7592,1.29182276192,0.7249,96.01
2016-07-15,1.1141,1.3336,0.7613,1.29785853342,0.717,95.105
2016-07-18,1.10795,1.3205,0.7573,1.29332643559,0.7124,95.01
2016-07-19,1.11005,1.3257,0.7566,1.2987012987,0.7033,94.43
2016-07-20,1.10445,1.3108,0.7491,1.30718954248,0.7035,94.41
2016-07-21,1.10355,1.3243,0.7461,,0.6949,93.495
2016-07-22,1.1049,1.3225,0.748,1.31061598952,0.6977,94.355
2016-07-25,1.09955,1.3131,0.7446,1.31613582522,0.6972,94.38
2016-07-26,1.1016,1.3146,0.7457,1.31960939562,0.6981,94.68
2016-07-27,1.10075,1.3146,0.7495,,0.7044,95.68
2016-07-28,1.1076,1.3222,0.748,1.31371518655,0.7058,95.16
2016-07-29,1.10975,1.3168,0.7494,1.30804447351,0.7064,95.17
2016-08-01,1.12055,1.3247,0.7584,1.30633572828,0.7189,98.05
2016-08-02,1.1185,1.3187,0.7526,1.30310138129,0.7154,97.865
2016-08-03,1.12435,1.3364,0.7595,1.31268049357,0.7224,99.265
2016-08-04,1.1169,1.3328,0.7578,1.30327121074,0.7144,98.91
2016-08-05,1.1146,1.3125,0.7617,1.30115151909,0.716,98.975
2016-08-08,1.11035,1.3084,0.7598,1.31483794622,0.7106,98.24
2016-08-09,1.1105,1.305,0.7647,1.30975769483,0.7137,97.77
2016-08-10,1.1132,1.3004,0.7661,1.30582397493,0.7154,98.32
2016-08-11,1.11985,1.3018,0.7702,1.3019985678,0.7259,98.94
2016-08-12,1.11545,1.2964,0.7694,1.29558852109,0.7195,98.22
2016-08-15,1.11845,1.2925,0.765,1.29048909537,0.7184,98.88
2016-08-16,1.1197,1.2886,0.7669,1.28824476651,0.7203,98.885
2016-08-17,1.129,1.3051,0.7691,1.28824476651,0.7271,99.84
2016-08-18,1.1301,1.3048,0.7652,1.28,0.7245,99.86
2016-08-19,1.13655,1.3166,0.768,1.28303823454,0.7279,100.175
