DATE,EUR/USD,GBP/USD,AUD/USD,USD/CAD,NZD/USD,USD/JPY
2015-08-28,1.1172,1.5362,0.7129,1.3268,0.6446,121.32
2015-08-31,1.1194,1.5363,0.71,1.3223,0.6349,121.26
2015-09-01,1.1263,1.5341,0.7036,1.318,0.6346,119.94
2015-09-02,1.1242,1.531,0.7011,1.3308,0.6343,120.0
2015-09-03,1.1104,1.5254,0.7025,1.32,0.64,120.2
2015-09-04,1.1117,1.5195,0.6917,1.3272,0.628,119.05
2015-09-08,1.1182,1.5381,0.7023,1.3193,0.6347,119.72
2015-09-09,1.1165,1.5363,0.7024,1.3221,0.6402,120.94
2015-09-10,1.1262,1.5457,0.7086,1.3218,0.6306,120.71
2015-09-11,1.1338,1.5426,0.7074,1.3274,0.6314,120.66
2015-09-14,1.1307,1.5423,0.7137,1.3265,0.633,119.92
2015-09-15,1.126,1.5352,0.7092,1.3261,0.6313,120.3
2015-09-16,1.1304,1.5499,0.7186,1.318,0.6349,120.62
2015-09-17,1.1312,1.5509,0.7147,1.3186,0.6322,120.9
2015-09-18,1.1358,1.5573,0.7222,1.3146,0.6416,119.85
2015-09-21,1.1204,1.5506,0.7125,1.3249,0.631,120.46
2015-09-22,1.1133,1.5356,0.7078,1.3276,0.6292,120.04
2015-09-23,1.116,1.5243,0.7004,1.3313,0.6244,120.12
2015-09-24,1.1252,1.5254,0.6998,1.3348,0.6338,119.54
2015-09-25,1.1192,1.5172,0.7014,1.3322,0.6369,120.74
2015-09-28,1.1236,1.5208,0.7005,1.336,0.6346,119.82
2015-09-29,1.1246,1.5168,0.7007,1.3414,0.6368,119.76
2015-09-30,1.1162,1.5116,0.702,1.3396,0.639,119.81
2015-10-01,1.12,1.5162,0.7044,1.324,0.6411,119.58
2015-10-02,1.1276,1.5216,0.7025,1.3213,0.6432,119.42
2015-10-05,1.12,1.5165,0.7088,1.3084,0.6505,120.36
2015-10-06,1.1266,1.5227,0.7143,1.3056,0.6536,120.18
2015-10-07,1.1249,1.5315,0.7213,1.3038,0.6623,119.9
2015-10-08,1.1282,1.5316,0.7225,1.3017,0.6642,119.94
2015-10-09,1.1363,1.5315,0.7328,1.2945,0.67,120.3
2015-10-13,1.1382,1.5242,0.7283,1.2984,0.6689,119.8
2015-10-14,1.1437,1.5445,0.7256,1.2983,0.6767,119.21
2015-10-15,1.1418,1.5475,0.7316,1.2901,0.6854,118.26
2015-10-16,1.136,1.5441,0.7261,1.2932,0.6799,119.6
2015-10-19,1.132,1.5471,0.7254,1.2999,0.6804,119.5
2015-10-20,1.1359,1.547,0.7256,1.2974,0.6755,119.79
2015-10-21,1.1345,1.5463,0.7226,1.3117,0.6734,119.91
2015-10-22,1.114,1.5399,0.722,1.3087,0.6791,120.5
2015-10-23,1.1016,1.534,0.7215,1.3171,0.6751,121.2
2015-10-26,1.1051,1.5361,0.7262,1.3134,0.6794,120.87
2015-10-27,1.1052,1.5312,0.7233,1.3242,0.6802,120.29
2015-10-28,1.1066,1.5319,0.7143,1.3149,0.6721,120.56
2015-10-29,1.0963,1.5296,0.7081,1.3169,0.668,121.14
2015-10-30,1.1042,1.5445,0.7133,1.3082,0.6766,120.7
2015-11-02,1.1026,1.5428,0.7141,1.3093,0.6745,120.7
2015-11-03,1.0946,1.5404,0.7173,1.3107,0.6676,121.2
2015-11-04,1.0861,1.5377,0.7148,1.3164,0.6587,121.52
2015-11-05,1.0869,1.5236,0.7148,1.3162,0.6627,121.71
2015-11-06,1.0746,1.5071,0.7034,1.3307,0.6509,123.2
2015-11-09,1.0767,1.5124,0.7046,1.3274,0.6537,123.04
2015-11-10,1.0686,1.511,0.703,1.3258,0.6534,123.22
2015-11-12,1.0768,1.5206,0.7116,1.3309,0.6529,122.84
2015-11-13,1.0722,1.5208,0.7118,1.3332,0.6528,122.93
2015-11-16,1.0708,1.5204,0.7085,1.3352,0.6488,123.11
2015-11-17,1.0634,1.5214,0.7115,1.3324,0.6459,123.48
2015-11-18,1.0638,1.521,0.7078,1.3351,0.644,123.51
2015-11-19,1.0746,1.5327,0.7208,1.3266,0.658,122.71
2015-11-20,1.066,1.5199,0.7233,1.3337,0.6558,122.8
2015-11-23,1.0602,1.5125,0.7188,1.3358,0.6511,123.02
2015-11-24,1.0652,1.5057,0.7241,1.3308,0.654,122.47
2015-11-25,1.0616,1.5109,0.7246,1.3298,0.6573,122.7
2015-11-27,1.0596,1.504,0.7192,1.336,0.6536,122.84
2015-11-30,1.0562,1.5044,0.7235,1.3332,0.6574,123.22
2015-12-01,1.062,1.5074,0.732,1.3372,0.6679,122.88
2015-12-02,1.0573,1.4927,0.7309,1.3357,0.6629,123.52
2015-12-03,1.0902,1.5088,0.731,1.3393,0.6633,123.06
2015-12-04,1.0884,1.51,0.7346,1.3364,0.6755,123.1
2015-12-07,1.084,1.5076,0.7268,1.3508,0.6648,123.31
2015-12-08,1.0876,1.5,0.7211,1.3594,0.6636,123.0
2015-12-09,1.0984,1.5168,0.7204,1.3595,0.6629,121.86
2015-12-10,1.0948,1.5176,0.7299,1.3598,0.6763,121.44
2015-12-11,1.1002,1.5213,0.7214,1.3695,0.6727,120.94
2015-12-14,1.1025,1.513,0.7258,1.3732,0.6778,120.57
2015-12-15,1.0911,1.5044,0.7176,1.3729,0.6748,121.66
2015-12-16,1.0937,1.5013,0.7207,1.3805,0.6772,121.88
2015-12-17,1.0804,1.4876,0.71,1.397,0.6692,122.75
2015-12-18,1.0847,1.4914,0.7197,1.3876,0.6752,121.2
2015-12-21,1.092,1.4906,0.7172,1.3989,0.6769,120.99
2015-12-22,1.0978,1.4811,0.7231,1.3929,0.6812,120.94
2015-12-23,1.0875,1.4863,0.7221,1.386,0.6789,120.94
2015-12-24,1.0955,1.4943,0.7269,1.3847,0.6838,120.32
2015-12-28,1.0983,1.4883,0.7262,1.3893,0.6853,120.3
2015-12-29,1.0916,1.4794,0.7293,1.3848,0.6872,120.44
2015-12-30,1.0912,1.4832,0.7284,1.3883,0.6837,120.6
2015-12-31,1.0859,1.4746,0.7286,1.3839,0.6842,120.27
2016-01-04,1.0803,1.4686,0.7166,1.397,0.674,119.3
2016-01-05,1.0743,1.4664,0.7151,1.3991,0.67,118.95
2016-01-06,1.0762,1.4626,0.707,1.4084,0.6642,118.54
2016-01-07,1.086,1.4579,0.7025,1.4061,0.6653,118.0
2016-01-08,1.0885,1.4523,0.6976,1.415,0.6559,117.74
2016-01-11,1.0878,1.4564,0.6992,1.4203,0.6554,117.48
2016-01-12,1.0837,1.4403,0.6975,1.4293,0.6523,117.78
2016-01-13,1.0862,1.447,0.6996,1.4294,0.6559,118.06
2016-01-14,1.0862,1.4409,0.698,1.4374,0.647,118.03
2016-01-15,1.0964,1.4289,0.6864,1.4531,0.6431,116.78
2016-01-19,1.0906,1.4171,0.6929,1.4513,0.6489,117.66
2016-01-20,1.0908,1.4167,0.6855,1.4592,0.6389,116.38
2016-01-21,1.0833,1.4198,0.7003,1.4244,0.6522,117.61
2016-01-22,1.0814,1.4308,0.7014,1.4153,0.6483,118.37
2016-01-25,1.0832,1.4245,0.697,1.4248,0.6473,118.55
2016-01-26,1.0846,1.4342,0.7005,1.4062,0.6492,118.5
2016-01-27,1.0867,1.4261,0.7074,1.404,0.6527,118.9
2016-01-28,1.0952,1.4351,0.7085,1.4077,0.6477,118.61
2016-01-29,1.0832,1.4184,0.7071,1.4074,0.6469,121.05
2016-02-01,1.0888,1.4367,0.7084,1.4005,0.6512,121.06
2016-02-02,1.0908,1.4399,0.7058,1.4039,0.6497,120.27
2016-02-03,1.1051,1.4576,0.7134,1.3843,0.6659,117.92
2016-02-04,1.1199,1.458,0.7216,1.3724,0.6729,116.75
2016-02-05,1.1131,1.4468,0.7084,1.3875,0.6619,116.99
2016-02-08,1.117,1.4415,0.7103,1.3921,0.6637,115.7
2016-02-09,1.13,1.4473,0.7065,1.386,0.6648,114.8
2016-02-10,1.1222,1.4473,0.7089,1.3969,0.6655,114.03
2016-02-11,1.1362,1.4448,0.7096,1.3933,0.6682,111.72
2016-02-12,1.1235,1.446,0.7098,1.3834,0.6628,112.96
2016-02-16,1.114,1.429,0.7103,1.3857,0.6565,113.9
2016-02-17,1.114,1.4317,0.7168,1.3682,0.6628,114.14
2016-02-18,1.1092,1.4333,0.715,1.3718,0.6626,113.62
2016-02-19,1.1127,1.4343,0.7125,1.3798,0.6615,112.42
2016-02-22,1.1018,1.4157,0.7238,1.3684,0.672,113.12
2016-02-23,1.1016,1.404,0.7209,1.3791,0.666,112.17
2016-02-24,1.1021,1.3932,0.7177,1.3765,0.6632,111.36
2016-02-25,1.1026,1.3937,0.7208,1.3572,0.6699,112.7
2016-02-26,1.0932,1.3867,0.713,1.3546,0.6648,113.78
2016-02-29,1.0868,1.3926,0.7152,1.3522,0.6601,112.9
2016-03-01,1.0847,1.3948,0.7172,1.3404,0.6619,113.94
2016-03-02,1.0845,1.4059,0.7268,1.3466,0.6642,113.81
2016-03-03,1.0948,1.4152,0.736,1.3405,0.6746,113.53
2016-03-04,1.101,1.4226,0.7425,1.3337,0.6799,113.91
2016-03-07,1.1004,1.4256,0.7467,1.33,0.6801,113.6
2016-03-08,1.1028,1.4225,0.7451,1.3388,0.677,112.58
2016-03-09,1.1022,1.4236,0.7528,1.3233,0.6809,113.06
2016-03-10,1.1162,1.4306,0.7444,1.3372,0.6667,113.1
2016-03-11,1.118,1.4426,0.7572,1.3211,0.6763,113.66
2016-03-14,1.1107,1.4324,0.7515,1.3291,0.669,113.59
2016-03-15,1.1112,1.4166,0.7465,1.3355,0.6614,112.88
2016-03-16,1.1075,1.41,0.7435,1.3364,0.6601,113.69
2016-03-17,1.1316,1.449,0.7637,1.2982,0.6835,111.3
2016-03-18,1.1292,1.4514,0.7618,1.298,0.6812,111.38
2016-03-21,1.126,1.4402,0.7594,1.3067,0.6764,111.62
2016-03-22,1.1228,1.4217,0.7625,1.3051,0.676,111.82
2016-03-23,1.1174,1.4111,0.7533,1.3199,0.6702,112.63
2016-03-24,1.1163,1.4143,0.7516,1.327,0.6695,112.64
2016-03-25,1.1164,1.4131,0.7518,1.3264,0.6685,113.05
2016-03-28,1.121,1.425,0.7549,1.3184,0.6729,113.29
2016-03-29,1.1204,1.4281,0.7567,1.3153,0.6803,113.33
2016-03-30,1.133,1.439,0.7667,1.2962,0.6914,112.6
2016-03-31,1.139,1.4381,0.7677,1.2969,0.6926,112.42
2016-04-01,1.1385,1.4204,0.7672,1.3047,0.6899,112.06
2016-04-04,1.1386,1.4279,0.7614,1.3037,0.6852,111.18
2016-04-05,1.1374,1.4149,0.7519,1.3175,0.6787,110.26
2016-04-06,1.143,1.4162,0.7613,1.3073,0.684,109.63
2016-04-07,1.1386,1.4082,0.7504,1.3163,0.6774,107.98
2016-04-08,1.1406,1.4105,0.7554,1.2994,0.6815,108.36
2016-04-11,1.1412,1.424,0.7599,1.2912,0.686,107.96
2016-04-12,1.1395,1.4244,0.7659,1.28,0.6902,108.54
2016-04-13,1.1281,1.4223,0.7649,1.2789,0.6916,109.21
2016-04-14,1.1262,1.4148,0.7705,1.2835,0.6866,109.2
2016-04-15,1.1295,1.4217,0.7717,1.2857,0.6913,108.76
2016-04-18,1.1322,1.4276,0.7746,1.2815,0.6946,108.85
2016-04-19,1.1375,1.4396,0.7806,1.2654,0.7034,109.16
2016-04-20,1.133,1.4375,0.7817,1.2623,0.6997,109.51
2016-04-21,1.1301,1.4338,0.7758,1.2713,0.6924,109.41
2016-04-22,1.1239,1.439,0.7713,1.2672,0.6854,111.5
2016-04-25,1.1274,1.4492,0.7717,1.2678,0.6856,111.08
2016-04-26,1.1318,1.4611,0.7741,1.2614,0.6895,111.23
2016-04-27,1.1322,1.4554,0.7594,1.2637,0.6851,111.26
2016-04-28,1.1325,1.4581,0.7635,1.2544,0.6969,108.55
2016-04-29,1.1441,1.4625,0.7612,1.2549,0.6984,106.9
2016-05-02,1.1516,1.4666,0.7641,1.2544,0.7009,106.48
2016-05-03,1.1508,1.4543,0.7492,1.2686,0.6925,106.34
2016-05-04,1.1486,1.4475,0.7454,1.2882,0.6874,107.12
2016-05-05,1.1404,1.4486,0.7465,1.2855,0.6894,107.32
2016-05-06,1.1421,1.4439,0.7358,1.292,0.6843,106.66
2016-05-09,1.1402,1.4409,0.7323,1.2994,0.6778,108.39
2016-05-10,1.1386,1.4454,0.7351,1.2957,0.6746,109.22
2016-05-11,1.1444,1.448,0.7398,1.2834,0.6845,108.48
2016-05-12,1.138,1.4452,0.7314,1.2857,0.6816,108.73
2016-05-13,1.1294,1.4369,0.7273,1.2939,0.6781,109.14
2016-05-16,1.1328,1.4411,0.73,1.2886,0.6805,108.89
2016-05-17,1.1337,1.4485,0.7352,1.2884,0.684,109.02
2016-05-18,1.1276,1.4615,0.7285,1.2924,0.6782,109.65
2016-05-19,1.1214,1.4608,0.7213,1.3114,0.6748,109.81
2016-05-20,1.1207,1.4513,0.7215,1.3136,0.676,110.52
2016-05-23,1.1192,1.4444,0.7203,1.3155,0.6754,109.47
2016-05-24,1.1145,1.4623,0.7184,1.3117,0.6738,110.0
2016-05-25,1.1154,1.4694,0.7186,1.3089,0.6752,110.22
2016-05-26,1.1184,1.4673,0.7227,1.298,0.6752,109.74
2016-05-27,1.114,1.4644,0.7205,1.3001,0.6729,109.86
2016-05-31,1.1135,1.453,0.7242,1.3097,0.6769,110.75
2016-06-01,1.1165,1.4395,0.7242,1.3089,0.6807,109.55
2016-06-02,1.1157,1.4419,0.7225,1.308,0.6815,108.75
2016-06-03,1.133,1.4521,0.7339,1.2947,0.6942,106.88
2016-06-06,1.1354,1.445,0.7362,1.2856,0.6931,107.33
2016-06-07,1.135,1.4564,0.7452,1.2788,0.6981,107.3
2016-06-08,1.14,1.4546,0.7479,1.2694,0.7024,106.68
2016-06-09,1.1329,1.4467,0.7431,1.2728,0.7133,106.54
2016-06-10,1.1281,1.4342,0.7395,1.2734,0.7069,107.06
2016-06-13,1.1282,1.4223,0.7394,1.2791,0.7064,106.07
2016-06-14,1.1206,1.413,0.736,1.2833,0.7003,106.02
2016-06-15,1.1239,1.4185,0.7404,1.2912,0.7028,105.87
2016-06-16,1.1158,1.4075,0.7312,1.3039,0.6996,104.05
2016-06-17,1.1256,1.4285,0.7385,1.2875,0.7056,104.2
2016-06-20,1.1318,1.4688,0.7458,1.2807,0.7109,104.32
2016-06-21,1.1262,1.4668,0.7461,1.2817,0.7138,104.56
2016-06-22,1.1286,1.4682,0.7491,1.282,0.7165,104.56
2016-06-23,1.1373,1.48,0.7598,1.2749,0.7242,105.9
2016-06-24,1.1126,1.3639,0.7451,1.2948,0.7109,102.26
2016-06-27,1.1024,1.3217,0.7357,1.3076,0.702,101.66
2016-06-28,1.1054,1.3294,0.7353,1.3086,0.7031,102.71
2016-06-29,1.1117,1.351,0.7444,1.299,0.7121,102.68
2016-06-30,1.1032,1.3242,0.7432,1.301,0.712,102.77
2016-07-01,1.1145,1.3281,0.7485,1.2897,0.7167,102.55
2016-07-05,1.108,1.3021,0.7456,1.295,0.7147,101.58
2016-07-06,1.1077,1.2921,0.7511,1.3003,0.713,101.12
2016-07-07,1.1065,1.2926,0.7488,1.2984,0.7213,100.74
2016-07-08,1.1038,1.2938,0.7559,1.3072,0.7293,100.65
2016-07-11,1.1045,1.2986,0.7534,1.3125,0.7222,102.66
2016-07-12,1.1074,1.3237,0.7631,1.3016,0.7304,104.72
2016-07-13,1.1112,1.318,0.7624,1.2962,0.7303,104.1
2016-07-14,1.1109,1.3332,0.7632,1.2916,0.7199,105.4
2016-07-15,1.1059,1.3194,0.7587,1.2978,0.7133,105.64
2016-07-18,1.1076,1.3279,0.7597,1.2984,0.7117,106.0
2016-07-19,1.1014,1.3123,0.7496,1.3027,0.7049,106.13
2016-07-20,1.1007,1.3179,0.7486,1.3037,0.7033,106.65
2016-07-21,1.1016,1.3216,0.7497,1.3056,0.6989,105.98
2016-07-22,1.0968,1.3091,0.7453,1.3178,0.699,106.22
2016-07-25,1.098,1.313,0.7458,1.3224,0.6981,106.02
2016-07-26,1.0984,1.3133,0.7516,1.3207,0.7038,104.83
2016-07-27,1.0988,1.3094,0.746,1.3221,0.7042,105.65
2016-07-28,1.1094,1.3151,0.7511,1.317,0.7075,104.86
2016-07-29,1.1168,1.327,0.7599,1.304,0.7216,102.32
2016-08-01,1.1176,1.3209,0.7567,1.3096,0.7196,102.26
2016-08-02,1.1225,1.3326,0.7611,1.3087,0.7235,100.82
2016-08-03,1.117,1.3335,0.7592,1.3078,0.7163,101.34
2016-08-04,1.1134,1.3143,0.7637,1.3025,0.7195,101.08
2016-08-05,1.108,1.3069,0.7615,1.3179,0.7138,101.74
2016-08-08,1.1078,1.3042,0.7656,1.3162,0.7139,102.53
2016-08-09,1.111,1.301,0.7677,1.3116,0.7178,101.96
2016-08-10,1.1171,1.2998,0.7717,1.3059,0.722,101.27
2016-08-11,1.1168,1.296,0.771,1.3004,0.7242,101.46
2016-08-12,1.1172,1.2934,0.7669,1.2943,0.7215,101.01
2016-08-15,1.1199,1.2874,0.7687,1.2922,0.7219,101.02
2016-08-16,1.1277,1.3019,0.7697,1.2861,0.7266,100.28
2016-08-17,1.1263,1.3012,0.7619,1.2885,0.7219,100.24
2016-08-18,1.1334,1.3147,0.7684,1.2777,0.7292,100.07
2016-08-19,1.1326,1.3061,0.762,1.2878,0.7268,100.24
